255 255 255 255 255 255 255 255 255 255 255 255 255 255 255 255
255 255 255 255 255 255 255 255 255 255 255 255 255 255 255 255
255 255   0   0   0   0   0   0   0   0   0   0   0   0 255 255
255 255   0   0   0   0   0   0   0   0   0   0   0   0 255 255
255 255   0   0   0   0   0   0   0   0   0   0   0   0 255 255
255 255   0   0   0 248 254 254 254 254 255   0   0   0 255 255
255 255   0   0   0 254   0   0   0   0 255   0   0   0 255 255
255 255   0   0   0 254   0   1 254   0 255   0   0   0 255 255
255 255   0   0   0 254   0   0 255   0 255   0   0   0 255 255
255 255   0   0   0 254   0   0   0   0 255   0   0   0 255 255
255 255   0   0   0 255 255 255 255 255 255   0   0   0 255 255
255 255   0   0   0   0   0   0   0   0   0   0   0   0 255 255
255 255   0   0   0   0   0   0   0   0   0   0   0   0 255 255
255 255   0   0   0   0   0   0   0   0   0   0   0   0 255 255
255 255 255 255 255 255 255 255 255 255 255 255 255 255 255 255
255 255 255 255 255 255 255 255 255 255 255 255 255 255 255 255
255 255 255 255 255 255 255 255 255 255 255 255 255 255 255 255
255 255 255 255 255 255 255 255 255 255 255 255 255 255 255 255
255 255   0   0   0   0   0   0   0   0   0   0   0   0 255 255
255 255   0   0   0   0   0   0   0   0   0   0   0   0 255 255
255 255   0   0   0   0   0   0   0   0   0   0   0   0 255 255
255 255   0   0   0 248 254 254 254 254 255   0   0   0 255 255
255 255   0   0   0 254   0   0   0   0 255   0   0   0 255 255
255 255   0   0   0 254   0   1 254   0 255   0   0   0 255 255
255 255   0   0   0 254   0   0 255   0 255   0   0   0 255 255
255 255   0   0   0 254   0   0   0   0 255   0   0   0 255 255
255 255   0   0   0 255 255 255 255 255 255   0   0   0 255 255
255 255   0   0   0   0   0   0   0   0   0   0   0   0 255 255
255 255   0   0   0   0   0   0   0   0   0   0   0   0 255 255
255 255   0   0   0   0   0   0   0   0   0   0   0   0 255 255
255 255 255 255 255 255 255 255 255 255 255 255 255 255 255 255
255 255 255 255 255 255 255 255 255 255 255 255 255 255 255 255
255 255 255 255 255 255 255 255 255 255 255 255 255 255 255 255
255 255 255 255 255 255 255 255 255 255 255 255 255 255 255 255
255 255   0   0   0   0   0   0   0   0   0   0   0   0 255 255
255 255   0   0   0   0   0   0   0   0   0   0   0   0 255 255
255 255   0   0   0   0   0   0   0   0   0   0   0   0 255 255
255 255   0   0   0 248 254 254 254 254 255   0   0   0 255 255
255 255   0   0   0 254   0   0   0   0 255   0   0   0 255 255
255 255   0   0   0 254   0   1 254   0 255   0   0   0 255 255
255 255   0   0   0 254   0   0 255   0 255   0   0   0 255 255
255 255   0   0   0 254   0   0   0   0 255   0   0   0 255 255
255 255   0   0   0 255 255 255 255 255 255   0   0   0 255 255
255 255   0   0   0   0   0   0   0   0   0   0   0   0 255 255
255 255   0   0   0   0   0   0   0   0   0   0   0   0 255 255
255 255   0   0   0   0   0   0   0   0   0   0   0   0 255 255
255 255 255 255 255 255 255 255 255 255 255 255 255 255 255 255
255 255 255 255 255 255 255 255 255 255 255 255 255 255 255 255

255 255 255 255 255 255 255 255 255 255 255 255 255 255 255 255
255 214 153 153 153 153 153 153 153 153 153 153 153 153 214 255
255 153   0   0   0   0   0   0   0   0   0   0   0   0 153 255
255 153   0   0   0   0   0   0   0   0   0   0   0   0 153 255
255 153   0   0  10  51  51  51  51  51  51  10   0   0 153 255
255 153   0   0  51 220 158 158 158 158 220  51   0   0 153 255
255 153   0   0  51 165   8  33  33  10 165  51   0   0 153 255
255 153   0   0  51 165  41 153 155  47 165  51   0   0 153 255
255 153   0   0  51 165  15 119 119  17 165  51   0   0 153 255
255 153   0   0  51 165   0  13  13   0 165  51   0   0 153 255
255 153   0   0  51 225 172 172 172 172 225  51   0   0 153 255
255 153   0   0  10  51  51  51  51  51  51  10   0   0 153 255
255 153   0   0   0   0   0   0   0   0   0   0   0   0 153 255
255 153   0   0   0   0   0   0   0   0   0   0   0   0 153 255
255 214 153 153 153 153 153 153 153 153 153 153 153 153 214 255
255 255 255 255 255 255 255 255 255 255 255 255 255 255 255 255
255 255 255 255 255 255 255 255 255 255 255 255 255 255 255 255
255 214 153 153 153 153 153 153 153 153 153 153 153 153 214 255
255 153   0   0   0   0   0   0   0   0   0   0   0   0 153 255
255 153   0   0   0   0   0   0   0   0   0   0   0   0 153 255
255 153   0   0  10  51  51  51  51  51  51  10   0   0 153 255
255 153   0   0  51 220 158 158 158 158 220  51   0   0 153 255
255 153   0   0  51 165   8  33  33  10 165  51   0   0 153 255
255 153   0   0  51 165  41 153 155  47 165  51   0   0 153 255
255 153   0   0  51 165  15 119 119  17 165  51   0   0 153 255
255 153   0   0  51 165   0  13  13   0 165  51   0   0 153 255
255 153   0   0  51 225 172 172 172 172 225  51   0   0 153 255
255 153   0   0  10  51  51  51  51  51  51  10   0   0 153 255
255 153   0   0   0   0   0   0   0   0   0   0   0   0 153 255
255 153   0   0   0   0   0   0   0   0   0   0   0   0 153 255
255 214 153 153 153 153 153 153 153 153 153 153 153 153 214 255
255 255 255 255 255 255 255 255 255 255 255 255 255 255 255 255
255 255 255 255 255 255 255 255 255 255 255 255 255 255 255 255
255 214 153 153 153 153 153 153 153 153 153 153 153 153 214 255
255 153   0   0   0   0   0   0   0   0   0   0   0   0 153 255
255 153   0   0   0   0   0   0   0   0   0   0   0   0 153 255
255 153   0   0  10  51  51  51  51  51  51  10   0   0 153 255
255 153   0   0  51 220 158 158 158 158 220  51   0   0 153 255
255 153   0   0  51 165   8  33  33  10 165  51   0   0 153 255
255 153   0   0  51 165  41 153 155  47 165  51   0   0 153 255
255 153   0   0  51 165  15 119 119  17 165  51   0   0 153 255
255 153   0   0  51 165   0  13  13   0 165  51   0   0 153 255
255 153   0   0  51 225 172 172 172 172 225  51   0   0 153 255
255 153   0   0  10  51  51  51  51  51  51  10   0   0 153 255
255 153   0   0   0   0   0   0   0   0   0   0   0   0 153 255
255 153   0   0   0   0   0   0   0   0   0   0   0   0 153 255
255 214 153 153 153 153 153 153 153 153 153 153 153 153 214 255
255 255 255 255 255 255 255 255 255 255 255 255 255 255 255 255

255 255 255 255 255 255 255 255 255 255 255 255 255 255 255 255
255 214 153 153 153 153 153 153 153 153 153 153 153 153 214 255
255 153   0   0   0   0   0   0   0   0   0   0   0   0 153 255
255 153   0   0   0   0   0   0   0   0   0   0   0   0 153 255
255 153   0   0  10  51  51  51  51  51  51  10   0   0 153 255
255 153   0   0  51 220 165 165 165 165 225  51   0   0 153 255
255 153   0   0  51 158  10  47  17   0 172  51   0   0 153 255
255 153   0   0  51 158  33 155 119  13 172  51   0   0 153 255
255 153   0   0  51 158  33 153 119  13 172  51   0   0 153 255
255 153   0   0  51 158   8  41  15   0 172  51   0   0 153 255
255 153   0   0  51 220 165 165 165 165 225  51   0   0 153 255
255 153   0   0  10  51  51  51  51  51  51  10   0   0 153 255
255 153   0   0   0   0   0   0   0   0   0   0   0   0 153 255
255 153   0   0   0   0   0   0   0   0   0   0   0   0 153 255
255 214 153 153 153 153 153 153 153 153 153 153 153 153 214 255
255 255 255 255 255 255 255 255 255 255 255 255 255 255 255 255
255 255 255 255 255 255 255 255 255 255 255 255 255 255 255 255
255 214 153 153 153 153 153 153 153 153 153 153 153 153 214 255
255 153   0   0   0   0   0   0   0   0   0   0   0   0 153 255
255 153   0   0   0   0   0   0   0   0   0   0   0   0 153 255
255 153   0   0  10  51  51  51  51  51  51  10   0   0 153 255
255 153   0   0  51 220 165 165 165 165 225  51   0   0 153 255
255 153   0   0  51 158  10  47  17   0 172  51   0   0 153 255
255 153   0   0  51 158  33 155 119  13 172  51   0   0 153 255
255 153   0   0  51 158  33 153 119  13 172  51   0   0 153 255
255 153   0   0  51 158   8  41  15   0 172  51   0   0 153 255
255 153   0   0  51 220 165 165 165 165 225  51   0   0 153 255
255 153   0   0  10  51  51  51  51  51  51  10   0   0 153 255
255 153   0   0   0   0   0   0   0   0   0   0   0   0 153 255
255 153   0   0   0   0   0   0   0   0   0   0   0   0 153 255
255 214 153 153 153 153 153 153 153 153 153 153 153 153 214 255
255 255 255 255 255 255 255 255 255 255 255 255 255 255 255 255
255 255 255 255 255 255 255 255 255 255 255 255 255 255 255 255
255 214 153 153 153 153 153 153 153 153 153 153 153 153 214 255
255 153   0   0   0   0   0   0   0   0   0   0   0   0 153 255
255 153   0   0   0   0   0   0   0   0   0   0   0   0 153 255
255 153   0   0  10  51  51  51  51  51  51  10   0   0 153 255
255 153   0   0  51 220 165 165 165 165 225  51   0   0 153 255
255 153   0   0  51 158  10  47  17   0 172  51   0   0 153 255
255 153   0   0  51 158  33 155 119  13 172  51   0   0 153 255
255 153   0   0  51 158  33 153 119  13 172  51   0   0 153 255
255 153   0   0  51 158   8  41  15   0 172  51   0   0 153 255
255 153   0   0  51 220 165 165 165 165 225  51   0   0 153 255
255 153   0   0  10  51  51  51  51  51  51  10   0   0 153 255
255 153   0   0   0   0   0   0   0   0   0   0   0   0 153 255
255 153   0   0   0   0   0   0   0   0   0   0   0   0 153 255
255 214 153 153 153 153 153 153 153 153 153 153 153 153 214 255
255 255 255 255 255 255 255 255 255 255 255 255 255 255 255 255

255 255 255 255 255 255 255 255 255 255 255 255 255 255 255 255
255 214 153 153 153 153 153 153 153 153 153 153 153 153 214 255
255 153   0   0   0   0   0   0   0   0   0   0   0   0 153 255
255 153   0   0   0   0   0   0   0   0   0   0   0   0 153 255
255 153   0   0  10  51  51  51  51  51  51  10   0   0 153 255
255 153   0   0  51 225 172 172 172 172 225  51   0   0 153 255
255 153   0   0  51 165   0  13  13   0 165  51   0   0 153 255
255 153   0   0  51 165  17 119 119  15 165  51   0   0 153 255
255 153   0   0  51 165  47 155 153  41 165  51   0   0 153 255
255 153   0   0  51 165  10  33  33   8 165  51   0   0 153 255
255 153   0   0  51 220 158 158 158 158 220  51   0   0 153 255
255 153   0   0  10  51  51  51  51  51  51  10   0   0 153 255
255 153   0   0   0   0   0   0   0   0   0   0   0   0 153 255
255 153   0   0   0   0   0   0   0   0   0   0   0   0 153 255
255 214 153 153 153 153 153 153 153 153 153 153 153 153 214 255
255 255 255 255 255 255 255 255 255 255 255 255 255 255 255 255
255 255 255 255 255 255 255 255 255 255 255 255 255 255 255 255
255 214 153 153 153 153 153 153 153 153 153 153 153 153 214 255
255 153   0   0   0   0   0   0   0   0   0   0   0   0 153 255
255 153   0   0   0   0   0   0   0   0   0   0   0   0 153 255
255 153   0   0  10  51  51  51  51  51  51  10   0   0 153 255
255 153   0   0  51 225 172 172 172 172 225  51   0   0 153 255
255 153   0   0  51 165   0  13  13   0 165  51   0   0 153 255
255 153   0   0  51 165  17 119 119  15 165  51   0   0 153 255
255 153   0   0  51 165  47 155 153  41 165  51   0   0 153 255
255 153   0   0  51 165  10  33  33   8 165  51   0   0 153 255
255 153   0   0  51 220 158 158 158 158 220  51   0   0 153 255
255 153   0   0  10  51  51  51  51  51  51  10   0   0 153 255
255 153   0   0   0   0   0   0   0   0   0   0   0   0 153 255
255 153   0   0   0   0   0   0   0   0   0   0   0   0 153 255
255 214 153 153 153 153 153 153 153 153 153 153 153 153 214 255
255 255 255 255 255 255 255 255 255 255 255 255 255 255 255 255
255 255 255 255 255 255 255 255 255 255 255 255 255 255 255 255
255 214 153 153 153 153 153 153 153 153 153 153 153 153 214 255
255 153   0   0   0   0   0   0   0   0   0   0   0   0 153 255
255 153   0   0   0   0   0   0   0   0   0   0   0   0 153 255
255 153   0   0  10  51  51  51  51  51  51  10   0   0 153 255
255 153   0   0  51 225 172 172 172 172 225  51   0   0 153 255
255 153   0   0  51 165   0  13  13   0 165  51   0   0 153 255
255 153   0   0  51 165  17 119 119  15 165  51   0   0 153 255
255 153   0   0  51 165  47 155 153  41 165  51   0   0 153 255
255 153   0   0  51 165  10  33  33   8 165  51   0   0 153 255
255 153   0   0  51 220 158 158 158 158 220  51   0   0 153 255
255 153   0   0  10  51  51  51  51  51  51  10   0   0 153 255
255 153   0   0   0   0   0   0   0   0   0   0   0   0 153 255
255 153   0   0   0   0   0   0   0   0   0   0   0   0 153 255
255 214 153 153 153 153 153 153 153 153 153 153 153 153 214 255
255 255 255 255 255 255 255 255 255 255 255 255 255 255 255 255
